NO_OF_INPUTS=2
NO_OF_OUTPUTS=1
NODES_IN_LAYERS=2,2,1
WEIGHTS={1;1;-30 20 20|1;2;10 -20 -10|2;1;-10 20 20}
TRAINING_SET={0;0->0|0;1->0|1;0->0|1;1->1}
TESTING_SET={0;0->0|0;1->0|1;0->0|1;1->1}
LEARNING_RATE=0.2
ERROR_THRESHOLD=0.00002
AVG_THRESHOLD=0.000005
LOOPS=10